hill1,194,147,80,35
hill2,340,340,48,19
bush1,207,323,64,16
bush2,174,340,32,16
tree1,356,218,16,46
white-tree1,373,218,16,46
tree2,122,0,14,30
white-tree2,65,129,14,30
cloud1,80,129,64,24
cloud2,131,160,32,24
sprite11,174,323,32,16
sprite12,207,340,64,16
sprite13,0,0,121,128
sprite14,275,0,128,88
sprite15,194,82,80,64
sprite16,340,299,48,40
sprite17,194,0,80,81
sprite18,237,243,32,56
sprite19,338,89,32,48
sprite20,174,194,62,128
sprite21,0,129,64,64
sprite22,338,138,32,64
sprite23,237,194,32,48
sprite24,98,160,32,32
sprite25,275,89,62,128
sprite26,275,299,64,64
sprite27,137,0,32,64
sprite28,137,65,32,48
sprite29,65,160,32,32
sprite30,170,0,23,168
sprite31,404,169,24,168
sprite32,429,0,24,168
sprite33,404,0,24,168
sprite34,149,194,24,168
sprite35,0,194,148,176
sprite36,275,218,80,80